[
    [
        [
            [0.         1.         0.99455947 ... 0.31867445 0.6276678 0.67555666]
            [0.         1.         0.1311119  ... 3.969832   5.076093  5.2625794 ]
            [0.         1.         0.12281508 ... 0.5186256  0.819521  0.5619402 ]
                                    ...
            [0.         0.         0.         ... 0.         0.        0.        ]
            [0.         0.         0.         ... 0.         0.        0.        ]
            [0.         0.         0.         ... 0.         0.        0.        ]
        ]
    ]
]